-1.635450144	-3.268727079
-0.128459012	-3.014811539
-1.74732976	-1.589570809
0.530606542	-1.491174417
-0.513262829	-2.375845446
-1.07872912	-1.858680972
-0.773760535	-0.793586787
0.656157933	-3.704540784
0.357423428	-3.568116439
0.411729491	-3.014817033
-0.664251727	-3.555909094
-1.696458847	-1.721119916
-1.674389467	-0.983588069
0.239152206	-0.791939884
-1.111795048	-3.084613571
0.624450714	-0.868038723
-0.835449904	-1.369989748
-0.451427009	-2.142702079
-0.683680168	-3.152756072
-1.19554038	-0.842346366
-0.677725752	-2.246312854
-1.171957581	-3.171886592
0.230306871	-1.037797738
0.572350899	-0.755802494
-1.577919945	-3.350562004
0.363837607	-1.183602706
-0.989924176	-3.321167103
-0.567034425	-1.219723625
0.246656823	-0.881729195
0.277134846	-0.989813103
0.252669498	-1.575614901
-1.476545038	-2.672469425
-1.525305604	-3.201237387
0.734886174	-2.42729166
0.604758885	-0.783015149
-1.380675295	-2.058266871
-1.10364454	-2.654452151
0.570812494	-2.178803906
-0.342439721	-1.922723971
-1.05781281	-2.9404108
-0.158020018	-2.58974039
-1.093410729	-1.84826507
0.697896539	-2.170706264
-1.102337007	-3.572130246
-1.147391637	-2.43387726
-1.381936191	-0.760213928
0.416038167	-3.339253212
-0.584361249	-3.483255436
-1.142524274	-0.798535969
-0.122200252	-0.989423534
-0.600077403	-2.219032917
-0.33013367	-1.817596005
-0.925978596	-3.598276591
-0.971914179	-0.894419371
0.548108956	-3.547939507
0.608783721	-3.387827197
-1.155389131	-1.052617463
-0.998149574	-3.237108537
-1.148841954	-1.771909276
-0.261230416	-1.670338229
0.185834391	-2.454288478
-0.696114651	-1.466581974
0.20676734	-1.69063419
-1.352039754	-0.75104364
-1.324662051	-1.371501455
-1.650118447	-2.279260425
-1.273205506	-2.290296557
0.586217183	-1.778154
0.573199832	-1.877231521
0.091632026	-3.659268496
-0.30898098	-3.585943175
-1.106640428	-2.045759248
0.256884674	-3.031011385
-0.393234443	-3.393185749
0.186783286	-3.156000825
-0.432380393	-3.692464873
-1.40422391	-1.523194029
-1.008405768	-1.160851424
-0.1117564	-1.816004133
-0.877051324	-1.301614063
-0.632290619	-1.520242952
-1.739351867	-1.298174267
0.439002544	-2.393141854
-0.76313381	-2.425256791
0.684365733	-0.88618042
-0.150246124	-2.266514184
-0.890116799	-2.666785407
0.696486109	-0.979574498
-0.592642152	-2.370590526
0.092212982	-3.361993693
-0.325448767	-2.024350516
-1.692772938	-1.11044992
-0.460192953	-2.774753373
-1.386846935	-3.696902613
-1.425939589	-2.028497601
-1.542250233	-3.684028061
-0.046163829	-1.871731754
-1.438129057	-0.770678708
0.413966854	-3.162380255
0.188185477	-3.338288592
0.484763373	-2.823494616
-1.079569612	-1.504486002
-0.361557283	-1.053129074
-1.245979598	-2.163746949
-0.629968891	-1.973558692
-1.496582099	-1.551061035
-0.207453675	-0.782670765
-1.181427173	-3.150006208
-0.249707656	-1.198488812
-1.146610377	-2.91894364
-0.1728477	-3.641978308
-0.470650674	-2.123697862
-1.278426212	-1.472517741
0.410675293	-2.880246585
-0.417585251	-3.616856569
-0.926309908	-1.938552523
-0.889151051	-2.05693225
-1.653085122	-3.102916592
0.616728538	-3.086122237
-0.169077258	-3.167276293
-0.908214466	-3.172797438
-1.164141886	-1.285590825
-0.861913893	-1.041176949
-1.058462383	-0.945358103
0.479768488	-1.213586441
-1.288305743	-2.733573005
-1.514952449	-3.004871575
-0.897967054	-0.994134613
0.391054926	-3.308834951
-0.112416153	-3.537782285
0.41304472	-1.105832025
-1.669470153	-1.347702391
0.265072419	-1.158956681
0.749004239	-2.74792867
-0.876064753	-1.759493311
-0.248744028	-1.0070801
-1.040096249	-3.453910838
-1.206862938	-3.482880772
0.271379122	-1.091671266
-0.991003106	-3.661629413
-0.753312961	-2.374467748
-1.556270547	-2.20157517
-0.278530256	-2.586271546
0.325146034	-2.885541444
0.552077246	-3.407954116
0.429295701	-1.521857929
0.520435304	-3.642163233
-1.247308235	-2.363694931
0.305682457	-1.281760738
-1.655443949	-1.55301218
-0.914606728	-2.876002391
-0.467006354	-3.0903008
0.281340629	-2.320275865
-1.025904855	-2.722484865
-0.616563772	-3.700218497
-0.162177104	-2.535235252
-0.406206431	-3.72344467
-0.862836845	-0.928502591
-0.326115666	-1.608879523
-1.232089547	-2.847762522
-0.1884555	-3.232471118
-0.423396862	-3.439778866
-0.944771909	-2.99334806
-0.092703837	-1.234254045
-0.770595456	-3.491989922
-0.56988734	-2.822103223
-0.346283918	-3.340795481
-0.533299258	-3.422882716
-1.474336806	-1.340970371
-0.997084559	-1.899983077
0.336124296	-3.471019164
-1.676009926	-2.984264641
-0.383662922	-1.631948117
-0.770352278	-2.723083463
-1.723857558	-2.165975837
-0.700491208	-2.907519545
-1.670087958	-2.273853568
0.336642867	-3.022815924
-1.447225516	-3.392562328
0.192422062	-0.987426696
0.279943488	-1.435606986
0.028421265	-2.054193885
0.211393963	-1.053189566
-0.161234904	-2.931655959
0.34272811	-3.264170156
-0.864387319	-1.321205269
-0.21424353	-2.50464023
-0.848273345	-0.841208001
-0.545366305	-3.745995676
-0.504012118	-1.251367884
-1.088612499	-1.937350055
-1.087510905	-0.810469397
-1.188756675	-2.476858591
-0.702665247	-2.165955277
0.240984487	-2.515706969
0.30451657	-3.576583513
-1.085566485	-1.411364964
-1.423915812	-1.579169306
0.612551145	-2.949834512
0.617341377	-2.168454058
-0.713500155	-0.927372188
0.600359294	-1.945726709
-0.392921801	-2.660135002
-1.544965108	-3.742126268
-1.253510866	-0.80003282
-1.097753251	-2.15834163
-0.1587406	-1.192289441
0.715602046	-1.039899793
-0.321587395	-3.168280569
0.218964475	-2.109840492
0.064726169	-2.13054482
0.720813018	-2.443392486
-1.684855631	-2.575150566
-0.459527518	-2.351312346
-1.472493023	-0.889137654
0.631659908	-3.15229671
-0.869575292	-1.829574307
-1.192056075	-3.1786001
0.532636152	-2.90506828
-1.669530487	-1.023871001
-0.427215897	-1.652751191
-1.53913979	-2.09930129
-0.776139587	-3.104774986
-0.98264357	-2.584026817
0.051688479	-2.144624911
0.548667251	-2.524165623
0.056075973	-3.522806825
-0.718293171	-2.225394771
-1.152668846	-3.704601123
-0.100871067	-2.889301692
0.503817937	-2.355381028
-1.478154119	-2.266087216
0.423818391	-3.41030559
0.094787033	-2.523401355
-0.226738119	-3.616704251
-1.595691264	-1.620908396
-1.173759856	-1.903075772
-1.086342143	-3.506243611
-1.032820962	-3.278223132
0.307991199	-2.988901339
-0.953202827	-0.797953194
0.588456964	-2.856899599
-0.207531189	-3.743103979
-0.507235603	-1.72189136
-1.37997748	-1.215902993
-0.696835147	-1.466500101
-0.805464297	-1.079578287
-1.192261197	-1.193894086
0.254103605	-1.916402516
0.447018048	-3.284410852
-0.721609803	-2.241811242
-1.704441931	-0.806058553
-0.775893974	-3.674921038
0.164040728	-2.594090769
-0.026238684	-1.862561836
-0.741848394	-2.469068042
-0.716579796	-1.967510228
0.00832704	-3.190272534
-0.168728896	-2.629768052
-1.109878386	-0.780371165
0.469575469	-2.144170978
-1.163636882	-1.717275705
0.125762026	-1.683487618
-0.076126804	-1.40931197
0.440930427	-3.407822431
-1.547307994	-2.789382871
-1.015532781	-2.273521497
-0.494274869	-1.670639504
0.394497942	-1.690989571
-1.335453996	-3.591681266
-0.151716961	-2.197052125
-1.486014707	-2.323433136
0.08659894	-1.560504502
-1.239641749	-2.034718687
-0.749981519	-0.874363149
0.380350623	-1.409006275
-1.349462148	-0.874674683
-0.202715522	-3.384364115
-0.909411226	-3.047900233
-0.422438319	-2.442914007
0.571329074	-1.191590936
-1.499180196	-1.268148546
-0.281183839	-2.384843709
0.477176138	-1.821070913
0.254662144	-1.590405645
-0.133244641	-2.944391012
0.536137367	-3.564681389
-1.121334025	-1.944080991
-0.367326901	-1.594219391
0.653704822	-0.831435448
-0.507521822	-3.392362349
-1.455615849	-3.744626256
-0.454926464	-2.201992392
-1.211970088	-2.701001375
0.109183239	-2.677278054
-0.282234687	-1.996882846
-1.282777632	-1.977612603
-1.298768332	-1.642034744
-0.38913668	-1.505295387
0.699033944	-0.789650755
