5.044281394	-0.515575579
5.661396656	-1.520249805
5.145826536	0.201193681
5.789634602	0.405502369
4.642953287	-1.58008889
5.830695267	-1.590448793
4.583966497	0.701110688
4.094757862	0.279872726
5.284251526	-1.601240098
5.797300458	-0.534983575
6.122855163	0.139200138
4.51653038	-1.163178842
5.73875239	-0.752154038
4.66109273	-1.334451445
6.252396976	-1.886183526
4.86017095	-1.545202702
6.099446569	0.760643303
5.3373349	0.228514406
5.762904003	-1.773239418
6.109810821	-1.373665082
6.516310912	-0.816090117
6.336095548	-0.170848239
5.51730319	-0.520330351
5.749334709	-1.817894777
4.520526037	0.31357423
4.467933508	0.385192141
5.131657352	-1.548922789
6.971710441	-0.672216647
6.983915038	-1.239652663
5.893361703	-1.366176178
6.806989559	-1.633359935
5.159939575	-0.288130767
6.659160781	0.932426967
5.623764946	0.584751424
4.107783846	-0.391141957
6.009609254	-1.376681537
5.983033091	0.256950857
4.582196835	0.060232382
5.363322263	-0.403212469
5.700265063	0.502607535
4.321745164	-0.926767579
4.601230737	0.18673009
5.480766106	0.38452196
5.106498172	-0.214893063
6.436990257	0.108563808
5.974587462	-1.27165358
6.002566347	-1.552995847
5.196945144	-0.704951074
4.11754315	0.374961442
4.551247534	-1.316500878
6.76790809	-0.42839409
4.149559131	0.963326696
6.558070787	0.264597225
5.586460201	-1.21445727
4.760685835	-1.258227928
5.528995682	-0.252842008
4.893927513	-0.302871632
6.718536122	-1.976983806
6.770092034	0.180873021
4.595381876	-1.16220889
6.852937631	-1.126150146
5.710910732	-1.684612961
6.287018782	0.304748736
4.982199771	-0.0466124
6.589598277	-1.858888255
4.76457129	-1.119690074
5.783910931	-0.800217029
4.2065951	-1.328907595
6.481258215	-0.176334554
6.10433536	-0.811887664
4.731116009	0.73447078
4.670510465	-0.145980589
4.999452921	-0.126174851
5.998635261	-0.245171105
5.705637677	-1.888147229
4.231596239	-0.184996925
5.343921021	-0.314979585
4.190957857	-1.295275806
5.852795443	0.285437275
6.076054098	0.049214703
5.606784206	-1.255224465
4.59076399	-1.223670985
4.54474346	0.359842088
6.260639064	-1.479824763
5.1419192	0.166763535
6.226075406	0.911184379
5.565759391	-0.851653558
6.517446313	0.853359771
4.388016253	-1.79501437
5.308687914	-1.85272715
5.192564853	0.531448919
5.3456856	0.190013867
6.699430985	-1.048372108
6.586564971	-0.042383197
5.957467237	-0.015311154
6.827444356	-1.267109091
6.684563789	-0.445817467
4.76609646	-0.546720753
4.807456563	0.316387242
4.827497722	-0.525945164
4.969669209	-1.561956634
4.296740012	-1.727235604
5.971645799	0.030514089
5.041941435	0.949499496
6.572152998	-1.924253999
6.213867636	-0.894639698
4.676946649	-0.775586265
4.210761855	-0.791503014
4.95374723	0.029960578
5.178535174	-0.821456909
5.366243201	0.611766697
4.479837126	-0.856314854
4.876509764	-1.544109698
4.364090607	0.194307378
4.936223793	-1.703767962
4.86090263	-0.957119819
4.761003439	0.070750651
5.81175469	-0.544654474
6.544020707	-0.534975496
5.825602165	-1.947961648
4.789675273	-1.066847051
6.311362531	0.597696101
6.745057363	-1.604596699
5.206976933	-0.267696416
6.287295382	-0.699273067
6.257142156	-1.559710155
5.74450143	-0.374443559
6.73233109	0.05202594
6.65145006	0.467902376
6.37683012	0.870146571
4.353161562	0.403023974
5.991086911	-1.213486817
6.097337874	0.439503487
6.344252501	-0.661763199
6.736439323	0.892057238
4.641612433	0.949180352
5.709048763	-1.959888343
5.024402342	-1.472919278
4.356122271	-0.157223276
6.498988286	-0.665754674
5.530489732	-0.856864087
6.626269644	0.333195278
6.958522875	-0.351411649
5.129919716	-1.332718791
6.333710673	0.979252534
6.406873882	-1.077864093
4.3351893	0.555203824
5.56143897	0.623157963
6.979585277	-0.178492882
6.994912634	-1.498923595
5.537380907	0.869549749
6.651305008	-0.524578719
4.723547736	-0.835702143
6.104577823	-0.783314012
4.827695283	-0.549621096
4.488216834	-0.286902974
5.983108729	-1.815151285
6.642276477	0.979111211
6.983263339	-1.172546563
6.875230045	0.242573183
6.41729583	-1.020286443
5.486220113	-0.000961256
5.125218336	-0.103737698
5.343498544	-1.163584452
6.88756296	-0.654284537
4.90559958	-1.83263652
5.152655228	-1.018521502
4.922050788	0.09844942
6.235102679	0.630212136
4.573464805	0.257405948
6.926131815	-0.466031079
6.595973134	-0.89447966
6.009066909	-1.548149156
6.167387585	-1.811580443
4.709930705	0.53608191
5.795448772	0.423471727
5.943957007	-1.27925267
4.34615293	-1.931785111
6.949808132	-1.064948301
6.436729772	-0.952526869
6.440987647	-0.878736396
6.710813492	-1.619238811
5.964955928	0.304834067
6.693432312	0.804862496
6.540831498	-0.043817361
5.704217304	-0.119553458
5.283948981	-1.586255698
6.907922159	-1.623072875
4.464280707	-1.310110653
4.376681493	0.806451516
6.090721283	-0.685235516
5.145838413	0.764974117
6.208788322	-0.76559793
4.06190496	-0.018209334
6.402669643	0.499095207
5.834628184	-0.894235103
4.916157784	0.967256686
6.653722119	-0.060699998
4.885266969	0.770431218
6.209955894	-1.260822079
5.389257818	0.591345041
5.332335449	-1.812419937
4.293951182	-1.898044696
5.644080141	0.945341523
5.579320622	0.972312095
6.434033165	0.068907279
5.574619416	-1.419147859
4.855532315	-1.012766558
6.415490161	-1.638670135
4.097862029	-1.167755954
6.282608917	0.816147667
4.25142134	0.229941467
6.189995768	0.867037321
4.502205975	-0.41834332
5.564301158	-1.246174054
5.097122611	-1.81178824
4.851631172	-1.487331052
4.325839834	0.145489933
5.042521312	-1.851419926
5.346454893	0.892795714
6.337054674	0.852812978
6.727415474	-0.076514895
5.978608532	0.954243881
5.514268289	0.859956713
4.794657929	-0.627451898
4.31171356	-0.381892322
6.694252131	0.73552669
5.421476347	-0.886203114
5.640536334	0.774773484
6.93327499	0.189713153
5.773604095	-1.86268535
4.049520913	0.25579043
5.980296561	-1.29012244
4.730348152	0.631427074
4.567877202	-1.180413141
5.103761576	-1.762232834
6.393949783	0.842469258
6.443838009	-0.251457162
4.127640158	-0.412421885
5.155141662	-0.600302763
6.094576239	-1.592119205
6.123355672	-0.971121348
5.016426927	0.912620365
4.151422072	-0.637599422
4.509437685	-1.178760528
5.455929652	0.859453834
4.171337968	-0.968924008
4.927806122	-0.570263575
4.663888967	0.184292264
4.843126402	0.774036366
4.271354947	-1.352766802
6.814308383	0.611583928
5.662228966	-1.189421812
4.140406659	0.473074378
6.715428816	-1.870024612
4.614722512	-1.977909704
6.238889141	0.680893991
5.778050464	0.680512044
5.320290686	0.883685692
4.851150531	-0.998261511
6.488424233	0.445273205
6.081115549	-0.442509024
6.629221365	-0.935189685
6.091439602	0.213012829
4.921678798	0.028533467
4.726649198	-1.302382003
4.791908451	-0.658816032
4.415379793	0.858471409
6.881366076	0.104397922
4.736244377	-1.211218951
6.530188548	-1.519158602
5.690507976	-0.452319679
6.2025571	-0.372100352
6.416672196	-0.636027488
4.107716758	-0.009127037
5.730476999	-0.256550364
4.540207878	0.232218438
5.986929243	-1.647316418
4.583898378	-0.29860868
6.645134661	0.847970317
5.741567342	-1.855929274
6.37830796	-0.131565656
6.829452569	0.60744658
4.546377726	-1.591070055
5.357641582	-1.901818873
5.28260318	0.300670688
6.629518328	0.543750025
4.68720579	-0.275288919
4.065554206	-1.037452937
4.154189765	-1.409604801
5.057919196	0.832624159
4.835018946	-1.853891903
6.943080789	0.648744357
6.676880424	-1.271386856
6.559743478	0.522562741
6.700798172	-0.928736607
6.584840126	0.271870404
4.852406441	-1.105552049
6.531809144	0.524586297
6.999949143	-1.313691409
5.625633997	-1.083090484
6.807099685	-1.008550019
5.681519686	0.617857162
4.85454738	-1.961943417
6.229453733	0.821089468
6.075480329	-1.121694717
5.184116494	-1.419494885
6.566200333	-0.080227004
5.339237786	-0.707420944
6.865918575	0.375853426
4.617906966	-1.412221026
6.084209798	-0.919685168
5.486388885	-1.947152382
4.967843853	0.597753725
5.552981827	-1.313912091
5.43965154	0.854862456
5.952525412	0.997113893
6.486769549	-1.816328837
4.432375171	-1.387044805
6.719510845	-0.073068144
6.558785372	0.969247944
6.509356805	-1.20092468
5.003345116	-0.300883859
4.82054352	0.107163989
5.046115524	0.824229925
5.214617684	-1.55618252
6.662268765	-0.383166736
5.093665579	-1.641418947
5.181171993	0.135068033
4.139729575	-0.859211488
6.407664978	-1.218613139
4.965973032	0.562911368
6.356767316	-1.798634163
5.800306534	-1.177575111
6.72409986	-0.660914052
6.762224491	-1.841240548
4.100520898	-0.312936647
6.459493192	-1.978594506
6.737612329	-1.851621455
4.086028484	-0.411033647
6.348198007	-0.160618744
6.499235979	-0.536127936
4.071636695	-1.875516573
5.149955186	0.893603809
5.998641599	-0.239506334
5.47097449	0.833320485
6.140523361	-1.94736739
4.442119435	-1.382603231
6.841119029	-1.799894599
4.153981646	-0.799674816
6.403750529	-1.133419876
5.525993763	0.055521274
5.158682243	0.727128141
5.835394007	-1.452291212
5.396613017	-0.792043449
4.413277355	-1.544557361
4.890467859	0.138755793
6.898850953	-1.727999396
6.650421154	-1.901536817
4.058444271	-1.326752452
6.596145362	0.689579647
4.223068863	-0.911883908
6.498580944	-0.039267263
4.469204334	-0.792824251
6.148583616	-1.866959059
5.28158107	0.593763535
6.261347962	0.87458676
6.710047925	-1.199058317
6.137271347	-1.782569127
6.513891664	0.333800124
4.971182803	-0.91484109
6.699140516	-1.413015147
4.790913093	-0.021943655
4.264629265	-1.324148368
4.922779137	-0.793306809
5.277370458	-0.410688906
4.304291689	-0.354445733
5.402578564	0.574193638
4.080185836	-1.016313537
6.800152698	-0.186017261
6.312463722	-1.647067611
4.433366353	-1.298279053
4.616980334	-1.655270081
6.499709988	-1.583678634
4.651838872	-0.236990227
5.76214641	0.228787848
4.291548813	-1.183434576
5.682823218	-0.463897613
6.001659844	0.034186169
4.255829992	0.477591668
5.860024583	-0.104438073
4.860109296	-0.231042822
5.302870677	0.863999611
6.298962839	-0.662462134
5.245444581	-0.872053418
5.480189674	-0.900036296
6.982191241	-1.787809968
5.666177699	-1.436710354
4.400570657	-0.493739667
5.333555882	-1.802483387
