-1.607847928	1.344592044
-1.789923689	1.685848256
-1.612129749	1.29892937
-1.804881521	0.973214213
-1.42767869	2.099803678
-1.862388103	1.624292774
-1.490160617	0.576554669
-1.679076089	0.565303836
-1.693548798	2.481093991
-1.498893793	1.962134015
-1.359605634	2.217133927
-1.876528219	1.818974332
-1.82656452	1.452175669
-1.606856586	2.33043655
-1.787921707	2.003440274
-1.272696798	1.612494669
-1.385342303	1.53279393
-1.288815164	2.427114914
-1.612444516	1.074261451
-1.551922919	1.903063409
-1.888024634	0.744017849
-1.90893199	0.988496586
-1.252093669	1.080603881
-1.151810429	2.118673273
-1.441722328	1.420823781
-1.53372701	0.906292202
-1.444139084	0.916897446
-1.890817928	1.347164611
-1.42950225	1.465598951
-1.186785593	2.403445276
-1.922598656	1.449760636
-1.505198845	1.654271832
-1.449348087	1.44462302
-1.349553597	0.664893071
-1.092304345	0.603075855
-1.393885257	1.048715098
-1.442829913	2.45090021
-1.831437667	1.940079951
-1.883293587	1.22613343
-1.350894645	2.453680492
-1.431660604	2.067631835
-1.487254215	1.270066736
-1.419788367	1.413514243
-1.05952711	0.90246943
-1.987009642	1.112440899
-1.910074488	2.057172542
-1.021287906	1.085577028
-1.075655993	1.844239983
-1.192105256	2.413200511
-1.007051037	1.135460174
-1.564455201	1.829522507
-1.068101413	1.157908244
-1.515257014	2.352838395
-1.629456096	1.169045167
-1.839732318	2.137960755
-1.606343733	1.168665662
-1.83908497	1.281530679
-1.762113309	1.494131519
-1.523266899	0.74814533
-1.996137051	2.179991083
-1.686167219	1.522141879
-1.649331463	1.39039002
-1.517636523	1.015442428
-1.263827661	1.500711473
-1.392918761	2.197844774
-1.397797432	0.628277321
-1.893622697	1.346626502
-1.879085347	1.336066856
-1.507734923	1.398433214
-1.23181449	2.029027106
-1.522915012	0.744850755
-1.6093738	2.403533888
-1.688876695	2.357787176
-1.944215547	1.861963967
-1.136288059	1.341497246
-1.19129113	1.610933133
-1.21335298	1.034979382
-1.171314893	1.247654362
-1.399292074	2.242672048
-1.990067209	1.053255595
-1.147192337	0.553836885
-1.055414714	2.091444415
-1.446859192	2.348438451
-1.620632601	1.711886675
-1.741276268	0.985772474
-1.605785493	1.051216272
-1.928734293	1.221300421
-1.676965656	1.34281028
-1.992346536	0.643095751
-1.191990709	1.72222502
-1.562569076	2.497889998
-1.682868405	1.295144458
-1.253439622	0.535088669
-1.721911185	1.987347956
-1.231951141	2.307128801
-1.861871627	2.473760323
-1.803687687	2.309078542
-1.342444363	0.533780959
-1.593868846	0.525251504
-1.711937206	0.878657704
-1.422372992	2.205453851
-1.236382191	1.095578712
-1.611521114	1.473392346
-1.81102333	0.864055675
-1.329022634	1.014913532
-1.46088916	1.748965649
-1.330539671	1.000684153
-1.253877862	0.614002229
-1.043250982	1.542433131
-1.68535836	2.221613588
-1.771503807	2.003303397
-1.03133247	1.053610856
-1.86047251	1.789757943
-1.473777114	1.860195292
-1.221395223	0.912811077
-1.73076897	0.853923682
-1.770046447	2.006832408
-1.883260333	2.044123308
-1.527955056	1.387699246
-1.33902716	1.786263184
-1.958783215	1.044480456
-1.67861504	1.617674096
-1.845162024	1.15846502
-1.148392898	1.721508191
-1.56726155	2.257044938
-1.070488749	2.010328494
-1.073101274	0.598224689
-1.065248588	0.674291076
-1.931728814	1.702964363
-1.495890508	0.804637133
-1.076859769	2.265091078
-1.69703015	1.651049618
-1.10285154	1.114799892
-1.109613368	0.739610001
-1.108939223	0.993292447
-1.79969313	1.898264004
-1.435009066	2.243116565
-1.215574218	1.334014895
-1.272127794	1.075434887
-1.656871473	0.686342407
-1.003626175	1.814664419
-1.153630827	0.986953493
-1.446220989	1.702678116
-1.759356614	1.947581486
-1.886440121	1.179724774
-1.59718777	1.491725763
-1.577660715	2.029466305
-1.453266595	1.642586389
-1.70759828	1.605439307
-1.194321149	0.555444102
-1.812871498	1.426616349
-1.182913317	1.453006558
-1.205353137	1.793042076
-1.167361082	1.641311705
-1.895689694	0.82088547
-1.253239159	2.066597432
-1.05658774	1.821270026
-1.820760212	1.971282799
-1.95245709	2.475587053
-1.783456959	2.227698049
-1.582115118	0.771394181
-1.188279563	2.329634102
-1.876562533	1.780357392
-1.987144278	1.485879715
-1.141640333	1.03321817
-1.85080937	0.882486519
-1.751241284	1.404847651
-1.638065546	0.9149987
-1.940947557	1.091368201
-1.688977677	1.11673617
-1.978230795	2.384037161
-1.430497576	1.639410989
-1.733710693	0.661795268
-1.405481886	2.313823154
-1.498674738	1.994752655
-1.096826458	1.941541645
-1.687136337	0.875772779
-1.262165044	2.395401325
-1.773898292	1.767806588
-1.711023653	0.635889054
-1.510470689	1.70018722
-1.818299549	0.553301762
-1.33430219	2.141913263
-1.618718501	0.590035877
-1.837772618	2.45800958
-1.535437593	1.040680366
-1.558278172	1.644830444
-1.747322764	0.803761873
-1.999723639	0.665554427
-1.843683531	2.031010776
-1.808346602	0.979400699
-1.726257518	0.522145277
-1.61055526	0.511326934
-1.146942857	1.701735683
-1.488026133	1.347284069
-1.242109305	2.086831981
-1.224683622	0.741288524
-1.626169383	1.694456131
-1.825701006	0.698857317
-1.410848898	2.18900851
