-70.47811816 -15.15218304
-5.204869472 -45.11697701
-11.14553629 -33.87395567
-67.69914514 -26.49337151
-20.20683328 -38.97396139
-7.282019932 -56.75764685
-73.89167723 -3.415223189
-60.92550469 -0.595679417
-58.79722001 1.484225257
-72.73472865 -13.71818704
-17.87769723 -28.40757967
-2.246965403 -37.68114782
-62.39933411 -1.941965038
-73.94145708 -31.97131557
-1.227678722 -37.32034381
-49.81535975 -18.82746549
-76.63886487 -7.935694355
-4.254077027 -57.98895953
-64.93059864 -10.98005888
-29.099331 -47.03544741
-15.12124057 -46.12153284
-73.54258814 -28.77183136
-11.14824419 -68.21020468
0.480612694 -30.11476996
-4.196681147 -29.09843821
-60.2488982 -8.403066469
-62.13015402 1.327027705
-79.38080331 -25.87690845
-11.73437307 -45.67717295
-18.83067783 -67.00411194
-65.7741692 -7.774760542
4.508968556 -38.31009608
-54.19122544 -8.839116775
-80.09559112 -12.14430987
-26.2218335 -49.86068528
-78.64422276 -20.80872048
-0.170407065 -45.40783125
-17.23013866 -65.05039268
-18.35094198 -30.603101
-18.76724656 -35.79000585
8.104273478 -38.29614304
-81.51197758 -28.35652896
-77.06674577 1.72727205
-4.96523828 -44.19478535
-68.7199758 -7.541923058
-8.374839874 -46.88666991
-11.04398438 -31.21902778
-28.64813769 -39.51665439
-18.42370542 -47.13078891
-15.40827225 -55.08136062
-83.4754311 -13.47150298
-17.68468714 -38.32345123
-19.46714817 -33.65100997
1.269361059 -64.21985616
-64.41722408 2.362231734
-81.15427143 -9.64085981
-65.1243277 -26.92484504
-12.10173057 -66.74040042
-73.00311024 -32.10610974
9.31827568 -52.07473029
-81.1777012 -6.350841345
-6.336423732 -68.54781284
-72.83745248 -6.260945294
-24.80141848 -61.36089496
-54.69878616 -7.849427937
-78.2840076 -26.95656855
-1.790515166 -58.35183133
-77.64608007 -27.95888553
2.172524171 -33.38305567
-28.92756569 -57.88741806
-9.672423044 -37.11897412
-4.813768221 -56.61540729
-54.41787165 -6.24330259
-65.81577262 -11.74732195
-56.10689283 -3.078850092
-74.68175559 -4.532260261
-76.63492533 -20.80201435
-7.562628885 -51.05432704
-74.13858064 -5.481024882
-22.15903396 -33.3923302
-0.090037781 -32.68339373
-1.3430254 -56.03143076
5.097403975 -52.88216182
-78.78691655 -15.88766157
-72.63222862 -26.30936862
-71.49086423 -22.45898011
-81.11446493 -13.27875741
-75.37723167 -6.517716451
-60.20649184 -19.29935815
-80.218157 -17.80703426
-17.30689368 -32.64495823
-57.4071737 -10.79183632
-0.949941079 -52.71128999
-10.04691144 -38.0541276
-19.51474066 -33.38174827
-70.25596611 -8.985809887
-69.15535988 -14.34176155
-71.9975626 -23.61743973
-66.64473074 -17.81132516
2.662809687 -32.53997532
-22.28445193 -58.70868423
-12.03444209 -65.80122942
-17.14433534 -28.01893572
-64.76269528 -15.55212532
-86.98427747 -11.34245225
-86.59476014 -13.57407804
1.48729254 -39.48457745
-73.85975043 3.592326958
-15.40787272 -68.61519358
-17.82019243 -28.70449652
-83.94741475 -10.61472189
-71.23147859 -5.177636753
-60.79929807 -14.0239039
-15.20837256 -37.54233166
-13.93069547 -50.09784442
-17.96773081 -44.53305788
-75.17073961 -15.27626117
-28.09718974 -54.71477754
-68.45362707 -16.90030052
-30.93916854 -52.80749321
-58.97923989 -17.76360245
-52.39446039 -15.64791844
-12.2527585 -41.15035117
-6.724050745 -54.51894614
-67.73489453 -12.54860422
-19.01162027 -59.77090286
-21.31717243 -36.82359789
-28.59630558 -47.87920154
-3.661769824 -54.94529416
-65.25548871 -23.54578582
5.963679086 -46.61021384
-1.939352355 -43.01267338
-50.07630908 -11.04414117
-57.12257488 -26.69462376
-29.24235621 -41.03824894
-6.976725216 -67.3931225
-20.27717902 -54.89652687
-69.56034106 1.540056525
-75.92055501 -17.31351896
-29.39238333 -46.49678502
-70.35367888 -16.23301855
-20.85510565 -30.74725732
-58.37590424 -7.789079807
-13.97271561 -45.44002649
-78.35919087 -23.77508208
-55.33557185 -6.052965878
-18.80335444 -34.90592826
-77.30143834 -22.21479517
-72.97703334 -25.86797433
-80.37869475 -24.33114085
2.63683207 -42.2736166
-83.44110335 -25.57144782
-70.05029814 -32.79866374
-26.54646913 -40.90338485
6.064024854 -54.80759179
-64.75084514 -29.34374941
-11.64370729 -51.89713089
-64.77375801 -11.66695439
-1.249427813 -64.99391108
-78.3957176 -29.34035153
-8.461295892 -45.33797633
-69.33823961 -23.23301089
-28.5752146 -50.48564288
-29.35913876 -43.11109877
-28.01573796 -55.73650127
-79.85081247 -23.25429623
-80.05425139 -3.60301184
-72.16033039 -27.05484943
-66.0823977 -2.581308789
-83.10911918 -20.70082302
7.853974003 -39.3767378
-22.68140147 -59.3051618
-67.91197119 -9.824545836
-5.057917277 -48.75862556
-14.7291289 -32.95868162
-14.73269671 -50.29696837
-7.303119371 -53.79491881
-18.31275932 -38.13765931
0.297711355 -35.49210429
2.899609124 -51.35070458
-59.86265134 -2.732016431
-15.15176926 -56.05746052
-53.9979503 -12.21227196
-11.49173024 -39.01948663
-5.888977289 -56.45643541
-18.27059861 -56.04488163
-24.92598061 -36.76132251
-58.86931907 -8.053965788
-71.91355291 -12.40868123
-18.89277348 -66.20293385
-17.07350582 -35.92417448
-17.56176007 -64.30809127
-19.25206284 -43.93459834
-0.58895263 -44.82617128
-71.28428106 -22.65112584
-67.49657033 -29.01760489
-85.16295802 -20.02067418
-68.17542879 -22.32669022
-9.210893014 -36.26024579
-22.5515749 -59.28029641
-16.50875391 -30.43103581
-77.09161209 -24.39654395
-26.56477488 -34.82023476
-78.44650307 -12.88805162
-22.20528849 -34.6977508
-24.00813938 -45.11393156
-57.16294679 -15.09477628
-19.49685534 -57.01599357
9.685782007 -49.80839478
-75.72958494 -11.91231675
-1.3571042 -36.07546548
-8.942111361 -37.55597373
6.284364285 -35.12915479
-0.242700321 -40.93947354
-71.77076403 -10.06753285
-75.23532517 -11.68256713
-67.38658581 -2.889329854
-8.284770723 -48.17689371
-8.731824553 -33.11137533
1.209417149 -52.28906037
-66.8903306 -29.21146267
-50.11300386 -17.21151146
-18.57628507 -64.65055656
-7.173851492 -32.25797861
-55.9805869 -25.90603211
-82.55460163 -22.63835936
-4.110434683 -38.15074925
-62.27668371 -7.865260518
2.156728888 -38.84141036
-8.075011544 -35.0009066
-56.59789149 -18.17538628
-70.47149819 -13.35389394
-5.116401523 -45.51638353
-78.80935495 -22.6410263
-53.59717279 -26.03305786
-19.25368362 -33.38542421
0.597602579 -48.2279897
-53.64022688 -7.032394479
-71.98362989 -32.37737273
-83.60613401 -9.315878477
-16.19663996 -34.04127405
-67.03984679 -24.21427942
-13.86333514 -68.81514565
-61.91652312 -17.79819016
-78.76602797 -12.58639121
-53.04983578 -20.0591445
-24.55375875 -58.10453461
-66.88798734 -2.110308074
-59.45893585 -5.827240288
-73.22679833 -20.49134306
-1.373998471 -33.96186221
-72.0910107 -19.64029807
-69.94531631 -30.03585273
-4.75225615 -39.84054909
-51.24194269 -15.91358434
-16.96771035 -67.81893569
-70.78909866 -3.874350725
-21.24533012 -42.84857545
-74.49048438 -29.87343478
-55.41684831 -4.879030288
-6.254528677 -52.68310997
-17.878486 -53.83794193
-54.96127822 -12.85399536
4.296903183 -52.70086449
7.771942952 -51.19939204
-78.79335089 -16.31134745
-63.65212131 -28.82469923
-0.642497244 -63.51445321
-86.84022523 -17.34006467
-78.52446116 -6.745042637
-68.14239127 -24.3343992
-69.45801718 -9.927675744
-14.68253948 -28.4322482
-70.62901677 -4.415408154
-53.34167372 -7.620237023
-69.16506169 -33.21423967
-26.49388832 -53.80148901
-11.71292321 -29.91313819
-73.89036126 -20.48362646
-61.26986037 -10.19238374
8.350581248 -54.97545392
-76.718799 -11.52685356
-52.35545202 -22.7009906
5.419637002 -47.00004715
-82.80454515 -3.584341467
-70.75673265 -15.01175774
-10.10952904 -54.78013668
-73.00471646 -18.42382151
-51.76042273 -16.07132663
-22.74042586 -51.94267263
-69.46283467 -29.20690742
-14.38800973 -35.77725928
-14.91405393 -49.58153369
-1.391878453 -29.26921904
2.982427111 -45.22577064
-12.19316087 -30.64527281
-2.696545445 -35.74136958
-65.95520694 -25.14573262
-50.41020346 -17.92574175
-51.32932686 -8.491619871
-18.23331814 -63.14440847
-13.50837214 -42.4522817
-17.08851204 -66.25863911
-53.81339128 -24.57903671
4.585962521 -51.20934244
-64.81457102 -17.10715277
-17.98283968 -67.60467726
-7.862320179 -55.2153694
-61.34515539 0.419843278
1.405820648 -62.39080427
-19.83538544 -35.49052946
-63.36883359 -16.25858567
-80.51319894 -17.25148723
-15.87324378 -43.55999997
-17.91481365 -47.37091904
-11.79089631 -38.161607
-55.96415948 -6.988075506
0.806562002 -45.37924408
-14.24498814 -59.61970172
-15.18185943 -48.81424209
-19.98504758 -53.73842101
-6.773742322 -51.466655
-17.91503018 -63.05693846
-68.24104637 -1.448426113
-64.031755 -1.736643423
-58.39088853 -16.51570785
-7.194011614 -62.23213694
-15.83050332 -37.40245176
-52.00222172 -5.010235362
-60.04856093 -4.120814101
-84.802106 -22.00673069
-82.77906917 -20.7124084
-5.029153111 -36.84579692
-9.765835155 -35.68130753
-11.14974598 -41.01039939
-13.74897708 -61.00786831
-55.65905502 -17.54270716
-84.527889 -9.065761552
-50.13103858 -12.31128779
-52.45200234 -15.1792814
6.913200458 -54.5014284
-64.59549814 -1.309651604
-4.049672035 -52.56441897
-64.06333299 3.969741706
-72.0584619 -18.24939407
-21.32502576 -46.90919662
-18.72912674 -49.2550271
-65.89975274 -3.555635873
-5.817931004 -66.81333892
-76.95135652 -29.62131208
-65.29421429 -1.967254266
-68.48035302 -11.27302826
-80.8905474 -1.877741159
-8.374883665 -38.73070477
-80.62669839 -10.34074885
-5.962123737 -35.81764495
-4.559339261 -56.2497129
-21.74415123 -63.78572529
-66.90470118 -5.334557269
-21.30276296 -57.9158968
-58.69981855 -5.462288982
-23.98802341 -43.98773579
-63.2353304 -10.0640669
-10.12749039 -42.42013013
-4.05249896 -51.6904129
-15.0233504 -56.12891378
-24.53881941 -45.03378087
-3.613429478 -66.05087902
-55.98702254 -17.63722709
-17.6743788 -44.30768842
-4.772709132 -55.80590178
7.062399491 -50.74979771
-28.26173104 -48.82798123
-77.26445943 -28.79659119
-15.72974809 -48.83106106
-10.52635839 -35.8620442
-12.33254328 -51.61346526
-0.705888069 -33.45715313
-72.05279479 -21.68651149
-58.23672366 -9.454152128
-16.79319894 -54.21726806
-25.05330197 -46.12397577
-61.30976848 -29.08050739
-59.83001715 -7.862381345
-21.10407825 -42.8096246
-16.80364885 -48.99512092
-54.57701356 -7.510128857
7.936838599 -39.13128053
-20.60376472 -47.85574421
-65.11031884 -22.26210966
5.73351884 -45.93815647
4.87982927 -57.65676981
-78.10453733 -8.340784071
-55.07730056 -21.31308827
-3.382059309 -39.21701037
-63.78888826 -19.22970088
-52.86258717 -6.541823339
-62.12191658 -25.49438807
-80.0867838 -11.84423242
-4.616215706 -40.6911872
-15.21376827 -28.38945469
-25.03043528 -34.03307767
-18.08744487 -67.50524294
-55.13042828 -17.93132864
-16.9030302 -58.49810684
2.765148407 -63.02720267
2.565663817 -56.69248363
-20.82994885 -43.39989275
-0.983336531 -52.15179051
-20.84603657 -59.10794563
-18.85982732 -66.52025361
-68.64742391 -19.09911041
-70.87566109 -24.88757669
-74.50433692 -25.65283517
-11.92813287 -59.51999229
-65.86476044 2.474401319
-81.50132645 -2.280516772
-63.77052179 -26.4315892
-57.64867785 -8.440377226
-19.77227297 -34.53256675
-10.68303509 -42.27028972
2.501069696 -40.85917244
-69.37918761 -20.13543
-17.30560335 -42.80410485
-59.23072503 -1.526517016
-70.04930987 -9.862052196
-7.839978974 -47.94312351
-3.250073273 -67.53385212
-86.98855636 -12.36698334
-82.28793751 -15.4402288
-25.15424068 -35.85786047
-65.29616501 -12.56817839
-15.31808966 -33.802083
-62.42883108 -32.48788089
-12.76048296 -68.647633
6.852047304 -47.44651875
-8.692217144 -68.02100836
-6.716293972 -62.68492779
-68.83452442 -12.32081214
-53.71432553 -19.10117571
-24.97162324 -54.80014666
-5.646257371 -31.39128608
-76.74039997 -29.36308966
-28.12433 -48.43638678
-22.28882006 -45.5755988
-65.75284674 -32.82517446
-72.54597124 -9.591609334
-0.126020755 -60.34842442
-60.02961901 -22.00966878
-22.03653918 -52.96845087
-20.81737668 -41.55988755
-76.58107589 -13.39810258
-25.70082744 -50.182872
-57.73862677 -12.19093553
-81.37340286 -22.28960289
-10.40779841 -30.02563316
-15.15935789 -59.07849504
-69.72195986 -4.674926204
6.333141651 -50.48897364
-71.03260348 4.088589551
-75.54820194 -16.27294735
3.999234845 -50.98173468
-15.51384638 -48.35787378
-18.26935128 -43.02128535
-10.09960634 -53.06846091
-3.900758188 -50.19989356
-54.5113655 -18.11991277
6.440307927 -45.0199058
-77.81190312 -23.24161719
-15.54860267 -68.42187124
-11.85106666 -66.42742231
-68.0167673 -2.649549692
3.675637453 -43.5662991
-74.70599212 2.191947183
-55.31148506 -8.045372798
-54.87149697 -4.762542046
-75.37944443 -17.83754447
-69.90528928 4.111896124
-3.942044817 -28.18551096
0.741581769 -33.8794964
-13.6297757 -55.29625057
-4.712872952 -58.32604602
-54.74043115 -11.59388664
-78.21284611 -27.99885986
-68.53288127 -9.096440755
5.96146305 -47.10114098
-22.29760668 -33.85621898
5.634550721 -48.39625971
-12.71322399 -44.73940131
-6.847337876 -64.3481304
-21.38478395 -45.23201007
0.423002871 -34.70944964
-69.4137959 -24.48959151
-19.94733836 -57.31700112
-10.00455198 -48.92206202
-74.59462699 -0.305244417
-49.94828555 -11.47385247
-24.51316784 -44.47793543
-27.35201838 -56.35498621
-76.81301714 -10.49739268
-11.68310888 -50.84241262
-51.05732389 -20.09543733
-63.01691624 -0.827257682
-20.08056387 -43.93930753
-31.89667819 -46.60894714
-24.83892847 -43.61091615
-3.100041341 -63.94091416
-57.47144471 -7.137778415
-64.70334022 -7.563888949
-66.9986714 -4.862416477
-80.45879025 -24.43196593
-3.919702963 -52.64196245
-59.2561406 -6.053868027
-23.19895506 -58.34186472
-12.8950593 -37.93723798
-10.41903784 -55.15061126
-50.16169829 -16.84490074
-63.62498309 -28.07476461
7.822462762 -54.22866226
-53.43844948 -13.48466425
-61.36009972 -9.232823994
-65.07440998 0.754510756
-14.02830438 -32.45855536
-81.60962231 -8.298628891
-78.83671355 -8.937929842
-24.25551402 -56.5501369
6.541070514 -35.8407542
-54.89583366 -14.87286834
-71.4726341 -0.194211706
0.823681041 -59.63921246
-67.20779569 -5.217323018
-27.34380317 -41.92999454
-26.0193027 -50.51967459
-9.398882605 -69.23262123
-81.23267298 -8.00751182
-63.64604361 -17.42332781
-16.45185354 -38.1732865
-21.57696256 -62.99928532
-71.43542896 -19.58450051
-4.150006716 -33.0344834
-26.938827 -39.044454
-14.27054033 -30.20539252
-12.12440727 -53.65247781
-24.21408499 -32.46398465
-58.83152339 -2.881808586
-84.34850777 -24.1828774
-59.01029409 -24.7876258
-76.11037715 -4.953994171
-78.58545219 -16.94493254
-60.70855214 -6.746149757
-60.18318471 -10.94429407
-1.166619434 -46.18750116
-57.90709035 -15.94763704
-19.46105927 -57.45717886
2.459842471 -32.68818103
-76.57356307 -12.72694586
-2.017241044 -55.272215
-70.11934581 -5.495064375
-57.11950891 -14.00326898
-14.45919316 -35.85437273
-80.94450673 -3.374080465
-14.25914929 -47.39801249
-1.83282242 -59.54240411
-10.13021835 -66.578736
-78.82194693 -23.067381
-85.94099788 -15.40486009
-59.12426439 -6.464015067
-12.75088112 -63.6126193
-4.15218154 -56.62145584
-69.09388107 -23.42550337
-17.98742113 -28.98876246
1.595237756 -55.61545075
-58.19007803 -8.746350836
-85.44088919 -19.03009494
-71.01318976 -14.88436774
-60.03667074 -26.22421839
-69.48294075 1.773706673
-76.062741 -18.36019402
-3.058255552 -50.30411797
-55.51307216 -17.45544852
-58.95053408 -14.38436833
0.287985094 -34.31392583
-56.01995732 -7.587006298
-72.33644224 -15.66551179
-19.032583 -30.13635685
-62.58292671 -6.577164441
-72.03161271 -21.86970401
-51.98716908 -5.914240331
-20.37128025 -43.13847002
-64.65983042 -2.073313297
-74.4110246 -1.584730182
-11.70121248 -48.14316432
-78.50768175 -6.12318845
-10.13466684 -51.63679988
-17.95029099 -66.32941984
-4.984515575 -55.42094478
-23.91242543 -52.63104238
-78.18269609 -24.99462214
-61.96513514 -32.35858487
-69.16112756 0.16714615
-70.83669623 -28.3426316
-56.32446079 -11.63920385
7.011063372 -51.35662787
-13.84210797 -61.49580127
-64.0155542 -1.840635737
-85.77619544 -17.70815937
8.28184352 -51.82796671
1.595310198 -49.33717188
-28.57450678 -41.55275816
-0.57624817 -38.05742153
-72.12395801 -27.28982948
-20.62617998 -57.24575561
2.096371659 -41.04949265
-6.724653562 -51.93204317
-19.82778223 -56.04456973
-77.48074344 -15.51383542
8.104263081 -44.02105518
-25.74703964 -56.76973261
-56.42130311 -12.26363393
-79.89140625 -27.50212294
5.344306802 -51.87474928
-61.32210717 -17.96346097
6.037320252 -42.63310678
-72.13965764 -19.49142306
-16.99327106 -46.36345664
-52.74126917 -13.92314894
-6.769534793 -47.28305007
-18.00777782 -62.93334534
-11.84048883 -45.38821944
-3.909715345 -28.10064483
-67.73824944 -12.0453017
-61.69467546 -6.965768707
-79.83281353 -18.80399665
-72.90881748 -25.08152187
-73.81909967 -5.75615018
-14.86014291 -40.64959752
-56.48084906 -23.02460917
-72.72202184 -31.21441579
-28.67763953 -43.2559106
-71.84654033 -4.021887523
-66.33952628 -14.61086336
-19.24809073 -42.47734206
-63.97332417 -2.940341533
-16.89741445 -47.69689578
-68.76817854 -25.7529109
-79.06630727 -17.93000238
10.3203766 -52.32094313
-86.62685792 -11.60103578
-74.17622482 -9.752911727
-81.58390238 -27.85759745
-29.21996296 -56.20089
-58.35148791 -28.18827373
-72.65671461 -20.06595205
-20.0598233 -66.47923795
-61.48799077 -16.01760682
-53.95271152 -15.70985294
4.98596654 -55.35666855
-64.27438127 -29.50966625
5.311478652 -40.94923208
-56.58446031 -6.827983615
7.396009431 -37.90927154
-81.55030241 -17.64143344
-82.66540044 -4.278858908
-71.74086045 -17.08418714
6.94656423 -48.61002911
-19.24276899 -43.45023085
-75.73551468 -24.50682203
-10.89408061 -45.51499846
2.807031412 -42.67694981
-82.68749388 -5.60149896
-9.915465742 -33.21898946
-68.40320766 -3.919758054
-14.95943292 -60.87521137
-84.40781705 -7.541785503
-80.390734 -2.935698563
-11.82539179 -58.33534592
-57.39506426 -10.27612557
-84.19675112 -14.90969394
-17.02803998 -67.65686449
-17.57594399 -60.43968061
-16.54566452 -30.37700008
0.629103491 -54.65407816
-19.41630151 -64.72259908
-57.814458 -25.010721
-3.72852764 -37.02472649
-59.49064111 -18.48999478
-11.61710823 -65.77524258
-20.93948839 -30.7782264
-61.0837327 -21.15239462
-64.67802619 -23.69731937
-83.86903849 -24.1529685
-78.80504785 -8.549100143
-21.79392386 -47.72841325
-24.30067391 -55.49082902
-69.81967886 -20.39370284
-13.94072259 -42.61904609
-17.36497378 -30.10518032
-21.63479954 -31.8681942
-53.91922034 -25.39651356
-5.135085162 -45.34864786
-17.86295106 -34.16091886
-74.2888293 -11.68116822
-70.18025287 -0.135227004
6.159363063 -39.70749667
-54.51608924 -3.094688017
-18.1034637 -55.11797084
-77.41420752 0.10843054
-84.87331954 -8.237990811
-13.05450337 -56.66121274
-84.92683376 -19.45207477
-84.71455844 -19.83746688
-66.08774745 -19.88928674
-86.30837682 -15.28082428
7.999589303 -45.74059031
-77.12530503 -16.32954462
-12.59156229 -34.834807
-68.23865537 -8.640985538
0.387675927 -37.05657673
-54.48311973 -11.4744821
-56.72877359 -0.630516697
-64.09916808 -32.46277534
-75.0909394 -17.21379629
-23.08902883 -31.59778792
-77.97740325 -8.413986143
-4.456842685 -30.95869404
-61.22904285 -7.223739549
-78.17369403 -2.471670615
-81.34549498 -16.73886314
-52.95912453 -22.55749446
-72.43708307 -28.86000915
-30.85600738 -43.02369919
-71.88483139 -12.0037721
-1.291021075 -50.43242361
-72.65008709 -6.507510787
-78.96347385 -13.30977602
-55.82215081 -1.054217372
6.260492759 -35.87525833
-74.10612301 -6.2790138
-77.70436145 -27.97478298
-3.167716004 -49.77778785
2.369535288 -59.72564249
-17.05919111 -54.14102423
-23.43431355 -51.25045421
-85.88384044 -21.95223876
-13.00570924 -31.08959271
0.871966197 -50.35586124
-84.51094216 -14.7085416
-26.72926976 -35.74432833
-62.71996456 -4.714564173
-77.1665824 -20.38360397
-59.30725155 -11.53807884
-81.35462657 -3.805130583
-73.58606832 -23.76427693
-63.01276227 -17.35842694
-85.25681228 -8.851588429
10.24028361 -49.35496765
2.797864798 -63.20972107
-80.76294479 -8.742287569
-0.065180834 -59.14576291
-70.40674069 -14.59600578
-73.8644565 -9.419688653
-10.04506284 -50.54212937
0.241083753 -54.69482821
-8.68236976 -28.17558749
-59.44247785 -28.67883059
-75.19674322 -27.58008725
-23.03105891 -31.76318127
-74.40816884 -7.447324105
-80.35087292 -27.94101603
-60.74539545 -8.177786425
2.527461132 -61.99458637
-16.89758908 -65.76557079
-13.80446993 -49.86479384
-14.4164542 -38.45508321
-1.522017814 -50.4367061
-25.87458926 -55.1188236
-0.549592249 -33.11794344
-24.26416453 -61.68110658
-28.67081415 -58.68122686
-11.85347849 -45.06356656
-20.59156073 -41.7369232
-0.2443404 -58.42260453
-3.160830551 -36.32778235
-10.15566355 -63.5892331
-28.54971618 -44.26506207
-66.03320087 -17.6650086
4.282501958 -53.25373646
-18.72276202 -64.99886076
-14.4752045 -67.58293988
-82.15256435 -27.3458178
-53.89881943 -10.64803042
-6.304233484 -28.55169905
-81.10375228 -2.320720209
-4.889800603 -41.71899327
-26.09623807 -44.75520322
-61.62649309 -9.18845579
-85.54938022 -12.43459486
-10.23088066 -28.75620353
-85.87439877 -19.67458328
-78.77540699 -12.53050531
-17.42845511 -41.43587532
-82.39841118 -16.33705367
-14.06591921 -29.52461127
-29.55405159 -45.75088578
-21.05059782 -37.21356737
-65.70126429 -7.025638799
0.835820621 -46.10433726
-10.03429322 -60.88775079
-8.32064173 -41.99068838
8.284786337 -48.2485125
-23.75034184 -39.2121859
-81.81024901 -10.81121854
-6.619910198 -41.34482521
-7.572676967 -62.81097919
-65.37140305 -0.677717373
-9.076644137 -40.93198716
-23.18141244 -51.91114913
-76.7891397 -8.987283074
2.858120242 -32.27366368
10.12858595 -44.7033375
-51.68531577 -8.73242846
-50.68701723 -22.10489055
-17.47540551 -37.28044666
-1.216503306 -36.29433473
-54.21471224 -27.01661881
-31.33712416 -45.59031826
-63.04583042 -13.91235639
-19.65779021 -30.71952394
-72.39417259 -1.931081554
0.502303623 -37.89853414
-66.50707228 -22.30730169
-1.680822877 -55.43647669
-10.99049371 -62.22734115
-16.23000624 -31.01809705
-20.47935619 -47.65951618
-15.69414731 -28.88691216
-3.507797262 -55.11025137
-60.66581282 -12.59893081
-8.241322457 -37.15306207
-81.5205738 -10.47095637
-67.94615923 -32.63662928
-69.91255882 -21.54409917
-26.3174133 -54.82957342
-22.71679492 -48.01871331
-57.32201831 -10.52664957
-58.58964432 -16.87447346
-83.10872052 -4.508900947
-15.48376564 -65.04628143
-9.808962025 -65.72967959
-57.7551506 -30.45189093
-78.80123551 -17.53480627
-66.41372865 -25.41983677
-58.44906071 -9.372573702
-27.14947404 -40.68288083
-51.61860832 -8.892379472
-5.409419549 -65.87742193
-53.90300172 -18.01015677
-5.908888918 -29.63206935
-30.87712233 -45.57148196
-53.67276572 -17.29689007
-65.09613244 -33.35679215
-72.44072246 -7.540585452
-14.66017251 -39.8575557
-83.33102769 -23.19149156
-68.7867241 -5.514736499
-28.10396263 -38.53972995
-1.91947943 -43.90879566
-75.24925402 -13.47868942
-75.64761871 -20.11278782
-79.10252594 -29.96677341
-11.01893327 -55.64746261
-13.65465486 -60.46581574
-12.50340225 -60.03715245
-62.57819975 -29.97112246
-13.37225403 -67.2874661
-55.15967944 -8.120810758
-68.21206274 -10.53154007
-75.01655823 -4.370439251
-10.93716736 -49.43185659
-78.914702 -23.68666779
-53.03450226 -19.64379113
-84.91508155 -18.16466518
3.637715355 -33.38833031
2.13776306 -37.99700395
-66.35072398 -9.504365714
-76.15762274 1.811258158
-75.97608352 -3.818983276
-79.55921354 -6.716550378
-20.86556349 -40.92250677
-73.03969788 -26.65951486
-67.64833544 -5.506140941
-75.83691542 -8.37200563
-82.89457709 -3.545156403
-28.21460294 -39.79305962
-18.34136785 -38.26770313
-10.55037791 -59.33136612
-64.96157138 -8.008515875
-60.82102078 -26.34312679
-71.21375794 -3.59659023
-2.985483222 -54.66087598
-66.02782358 -30.13376876
-64.86406614 -23.48794808
-74.80894803 -19.63958739
-49.35080581 -15.34669736
-16.67991629 -56.96514041
-77.05838176 -18.10984186
-25.50554178 -53.41367581
-20.71220837 -54.19132234
-56.54553738 -19.03439625
-22.37539919 -32.23211551
-23.3416738 -34.72935694
-52.24870297 -15.82385979
-19.7679334 -40.01139428
-61.71596968 -0.605048923
-12.7117062 -29.99630378
-67.54950135 -9.892278273
6.464637996 -59.16969968
-9.128040895 -65.23866814
-1.510436689 -45.69496929
-19.21388559 -37.00516114
-30.34462814 -40.50654707
-21.95679312 -52.38769035
-77.98732892 -28.91734627
-7.186643832 -63.7887434
-14.12378581 -64.22921084
-23.15607355 -45.72117556
-3.724899715 -44.40827414
-73.61170566 -1.090934455
-13.94891695 -51.67331048
-76.96248686 -7.734126181
-72.81719364 -25.88440973
-76.43822601 -18.61458174
-16.85875131 -34.26701576
-26.83152714 -57.94752516
-73.67721813 -22.12681357
-52.67790176 -18.35238179
-19.35811744 -34.60333411
-66.71886775 -28.93979284
-70.27884783 -0.558813877
-72.02178314 2.499868241
-9.955107833 -62.71508997
-71.90874896 -25.53184003
-55.26339264 -7.888842128
-74.05714824 -9.369126567
-63.67767701 -13.06750806
